t # 0
v 0 0
v 1 0
v 2 1
v 3 0
v 4 0
v 5 0
v 6 0
v 7 0
v 8 0
v 9 1
v 10 0
e 0 1 1
e 1 2 2
e 1 3 1
e 3 4 1
e 4 5 1
e 5 6 1
e 6 7 1
e 6 9 1
e 7 8 1
e 7 10 2
t # 1
v 0 6
v 1 6
v 2 6
v 3 9
v 4 6
v 5 6
v 6 6
v 7 16
v 8 6
v 9 6
v 10 6
v 11 6
v 12 6
v 13 6
v 14 6
v 15 6
v 16 6
v 17 6
v 18 6
v 19 16
v 20 8
v 21 9
e 0 1 1
e 1 2 1
e 1 3 1
e 2 4 1
e 4 5 1
e 4 7 1
e 5 6 1
e 6 8 1
e 8 9 1
e 8 21 1
e 9 10 1
e 10 11 1
e 11 12 1
e 12 13 1
e 13 14 1
e 14 15 1
e 15 16 1
e 16 17 1
e 16 19 1
e 17 18 1
e 19 20 1
t # 2
v 0 4
v 1 0
v 2 8
v 3 12
v 4 1
v 5 5
v 6 9
v 7 13
v 8 2
v 9 6
v 10 10
v 11 14
e 0 1 1
e 0 3 1
e 0 2 1
e 1 2 1
e 1 3 1
e 1 4 1
e 4 5 1
e 4 6 1
e 4 7 1
e 4 8 1
e 5 7 1
e 5 6 1
e 6 7 1
e 8 9 1
e 8 10 1
e 8 11 1
e 9 11 1
e 9 10 1
e 10 11 1
t # 3
v 0 1
v 1 1
v 2 1
v 3 2
v 4 2
v 5 2
v 6 1
v 7 1
v 8 1
v 9 1
e 0 1 1
e 1 2 1
e 1 3 1
e 3 4 1
e 4 5 1
e 5 6 1
e 6 7 1
e 7 8 1
e 8 9 1
