2310144
31936512
58863616
76656640
118632448
145895424
163557376
169586688
191676416
220852224
216473600
216473600
216473600
216473600
219443200
219443200
219660288
219799552
219799552
219799552
224116736
224116736
224116736
218505216
225128448
241741824
242339840
243654656
249593856
263004160
269070336
269127680
269099008
269099008
269099008
270450688
270688256
270692352
265539584
261009408
262332416
268369920
265375744
269824000
269824000
265302016
274280448
299053056
326049792
326148096
327462912
328810496
333651968
353677312
359665664
359673856
359673856
359673856
359673856
359673856
361390080
361594880
334082048
334348288
336973824
334725120
337358848
337362944
335527936
338989056
336375808
337305600
337686528
336363520
337686528
336371712
336371712
341614592
341360640
340037632
340037632
340041728
340041728
340242432
340320256
341630976
341901312
348409856
349982720
351297536
354701312
355086336
354734080
341389312
342065152
344690688
342523904
344633344
342777856
343179264
345083904
343240704
344588288
343306240
345669632
343044096
348291072
343994368
346624000
349995008
365817856
393175040
382345216
382345216
389816320
396300288
396300288
396300288
396300288
398479360
398512128
398512128
398602240
398602240
398602240
398602240
398741504
398745600
398745600
398745600
401842176
385495040
391495680
399036416
424304640
440463360
462802944
489254912
469524480
471625728
469524480
472162304
481472512
482004992
482332672
469622784
469643264
469643264
470654976
470654976
470654976
470654976
470654976
470654976
470654976
470654976
470654976
470654976
470654976
474402816
469929984
480841728
468946944
378793984
374280192
377413632
370946048
370946048
371167232
374517760
377729024
372563968
368001024
376537088
384208896
384544768
372318208
372363264
373002240
373002240
373186560
374595584
374595584
372453376
376967168
372887552
376406016
378839040
384724992
372719616
372764672
372764672
372854784
373313536
373366784
373637120
373637120
373641216
373641216
373645312
374714368
379535360
385224704
386072576
373043200
374358016
375668736
384139264
372199424
372453376
372744192
372744192
374919168
374919168
375504896
375545856
375545856
375545856
375545856
370184192
378425344
378875904
382808064
372350976
377360384
380448768
386416640
374177792
374226944
374226944
374226944
376713216
376795136
376795136
377245696
374140928
379899904
378986496
375435264
380739584
386543616
374849536
374960128
374960128
374960128
375128064
375148544
377647104
378662912
378732544
379379712
379379712
379535360
376885248
380694528
386662400
374792192
379523072
382865408
388562944
376406016
376406016
376406016
376406016
378167296
378683392
378683392
378818560
374284288
382361600
376205312
378847232
383598592
377257984
377327616
377327616
378388480
381014016
385011712
391032832
378388480
378392576
384106496
390823936
391372800
378888192
378892288
378892288
378900480
378900480
378900480
378900480
378900480
378904576
378925056
378941440
378998784
379015168
379015168
379027456
377634816
382963712
388796416
376774656
379777024
389443584
377524224
377802752
377815040
377917440
377946112
378163200
378507264
383700992
383897600
377352192
380678144
388739072
396525568
396562432
396636160
396767232
396795904
389758976
395165696
389599232
394551296
396320768
402305024
402345984
401154048
398979072
406540288
406540288
411119616
413040640
415645696
418033664
429502464
429502464
429518848
426033152
428052480
438321152
431337472
433815552
433815552
447369216
442183680
443105280
445677568
448966656
457101312
457101312
448118784
449839104
448323584
455585792
456081408
456081408
460218368
458096640
465661952
465661952
461479936
459292672
463077376
457400320
457822208
460910592
469635072
465362944
455802880
455639040
457453568
463003648
456966144
458506240
456077312
456077312
458088448
455958528
476360704
476524544
458244096
456929280
456945664
456957952
459587584
456962048
459149312
464519168
458117120
458108928
460742656
460742656
458227712
458887168
465244160
471396352
459051008
459116544
459120640
459120640
459124736
458092544
466034688
472215552
476270592
477483008
481685504
464723968
469712896
475811840
463519744
463577088
463671296
463675392
463679488
463679488
465563648
469516288
475561984
462938112
462209024
464179200
470867968
477130752
478265344
465362944
465362944
465489920
465489920
465494016
465498112
465498112
465502208
465502208
465502208
465502208
465502208
465502208
465502208
465694720
468807680
466944000
472637440
478855168
479121408
506920960
534732800
523214848
525316096
521113600
465940480
469938176
475439104
469164032
469168128
469348352
472870912
475492352
482385920
463634432
466010112
457302016
464822272
458739712
458821632
458825728
458825728
460144640
462782464
460156928
462782464
460378112
461692928
467329024
466952192
460382208
467398656
467050496
460386304
463036416
467415040
472670208
473034752
460410880
467443712
472350720
472891392
461139968
461144064
463851520
468054016
474107904
474529792
489304064
468647936
469245952
479780864
485109760
496001024
468553728
468553728
468557824
468754432
470069248
475136000
503021568
531038208
542900224
566845440
565071872
567173120
565665792
572190720
578232320
578232320
578957312
615428096
639209472
566136832
567185408
568406016
616574976
616574976
570785792
574877696
593727488
630185984
638623744
641306624
664899584
692244480
719007744
712499200
714600448
716697600
716697600
715124736
719093760
719093760
724619264
725331968
736591872
743555072
772599808
819707904
713003008
713003008
713003008
713973760
714657792
716324864
716324864
716324864
820924416
716763136
720695296
727560192
727625728
727625728
728174592
760152064
786313216
814288896
842010624
890253312
918126592
927252480
927252480
940236800
967639040
934825984
936927232
939024384
939024384
943218688
943218688
937451520
941363200
947404800
958668800
